
# Ignyt

# https://coolors.co/353531-ec4e20-ff9505-016fb9-000000

col.ignyt <- c("#353531", "#ec4e20", "#ff9505", "#016fb9", "#000000")
